     fun: 0.020652404923713234
 message: 'Maximum number of iterations has been exceeded.'
    nfev: 31338
     nit: 50
 success: False
       x: array([ 9.43485863e-01,  9.09965661e-01,  5.02060329e-02, -8.21522037e-01,
       -3.12057366e-05, -8.84611686e-05, -8.60635802e-05, -7.89297764e-03,
       -1.35419061e-01,  9.17972089e-01, -9.31219477e-01,  8.54724394e-02,
        1.81360004e-01,  2.39021888e-01,  1.12415528e-02, -3.38807991e-01,
        1.04975757e-03,  1.19590372e-02,  6.41524476e-03,  2.52271171e-01,
        8.68464316e-01, -9.68061556e-01,  1.01211123e-01,  4.36156878e-01,
        7.36176466e-01, -9.66511872e-01,  2.05947518e-01,  5.00432845e-01,
       -8.78088048e-02, -3.27754202e-02, -3.57481996e-02, -5.03493321e-03,
       -1.53822731e-02, -1.28195022e-01, -7.18804902e-04, -7.86014285e-04,
       -3.14908481e-04, -7.37942854e-04,  5.42592790e-05, -4.62381521e-02])
