     fun: 26.62276620785046
 message: 'Maximum number of iterations has been exceeded.'
    nfev: 2355
     nit: 1
 success: False
       x: array([ 3.38537055e-01,  1.93669710e-01,  1.46505310e-01,  2.95398478e-01,
        1.92820035e-01,  9.08517637e-01,  5.68146624e-03, -3.46819227e-01,
       -9.66114412e-04, -3.11392222e-04, -2.79734478e-04, -4.24301965e-04,
       -8.41696503e-03,  3.53811463e-01, -7.15732983e-01,  2.27223599e-02,
        4.18677930e-01,  2.09669222e-01,  8.02161848e-01, -8.12425794e-01,
        2.41642392e-01,  6.49080124e-01,  1.45242495e-02,  6.35827711e-01,
        5.47398827e-01, -7.33795766e-01,  5.65518072e-02,  4.98328693e-01,
        5.04333035e-01, -4.10996556e-01,  4.08507178e-02,  4.46662495e-01,
       -3.40812716e-03, -8.61246774e-02, -8.12604442e-02, -3.46699514e-02,
       -8.87555580e-03, -2.54353719e-01, -5.72760742e-03, -2.83787336e-04,
       -6.24190086e-03, -9.05847824e-03,  8.18141846e-03, -3.61164450e-01])
